1
2
3
4
5
6
7
8
9
14
24
62
73
85
89
92
149
324
417
471
512
593
657
669
698
965
1613
1657
2467
3813
3821
4787
5487
5641
7349
7352
8591
9145
16745
17915
18995
34729
35918
49586
55597
59912
64585
67967
322183
372598
388519
486672
652628
693859
711765
782795
786224
986287
2232919
2319285
2752817
3221885
5571726
8171676
9177241
9218526
9817583
21768946
51561914
52238317
53777532
68213248
76617456
86995219
93154377
98548953
149253353
365156936
434212398
466383343
498914463
568116219
644485179
657272952
661433812
687736563
793675982
858676674
926132562

